1 2 3 0
4 5 6 0
7 8 9 0
1 3 10 0
4 6 11 0
7 9 12 0
2 13 14 0
5 15 16 0
8 17 18 0
3 10 19 0
6 11 20 0
9 12 21 0
3 14 19 0
6 16 20 0
9 18 21 0
1 2 22 0
4 5 23 0
7 8 24 0
13 25 3 0
15 26 6 0
17 27 9 0
13 25 10 0
15 26 11 0
17 27 12 0
25 3 14 0
26 6 16 0
27 9 18 0
1 3 14 0
4 6 16 0
7 9 18 0
22 10 19 0
23 11 20 0
24 12 21 0
22 3 19 0
23 6 20 0
24 9 21 0
1 22 3 0
4 23 6 0
7 24 9 0
13 3 19 0
15 6 20 0
17 9 21 0
2 13 25 0
5 15 26 0
8 17 27 0
1 22 25 0
4 23 26 0
7 24 27 0
1 3 10 0
4 6 11 0
7 9 12 0
3 10 14 0
6 11 16 0
9 12 18 0
1 2 22 0
4 5 23 0
7 8 24 0
1 25 10 0
4 26 11 0
7 27 12 0
2 25 3 0
5 26 6 0
8 27 9 0
2 13 25 0
5 15 26 0
8 17 27 0
25 10 19 0
26 11 20 0
27 12 21 0
1 3 14 0
4 6 16 0
7 9 18 0
1 4 7 0
2 5 8 0
3 6 9 0
1 4 7 0
3 6 9 0
10 11 12 0
2 5 8 0
13 15 17 0
14 16 18 0
3 6 9 0
10 11 12 0
19 20 21 0
3 6 9 0
14 16 18 0
19 20 21 0
1 4 7 0
2 5 8 0
22 23 24 0
13 15 17 0
25 26 27 0
3 6 9 0
13 15 17 0
25 26 27 0
10 11 12 0
25 26 27 0
3 6 9 0
14 16 18 0
1 4 7 0
3 6 9 0
14 16 18 0
22 23 24 0
10 11 12 0
19 20 21 0
22 23 24 0
3 6 9 0
19 20 21 0
1 4 7 0
22 23 24 0
3 6 9 0
13 15 17 0
3 6 9 0
19 20 21 0
2 5 8 0
13 15 17 0
25 26 27 0
1 4 7 0
22 23 24 0
25 26 27 0
1 4 7 0
3 6 9 0
10 11 12 0
3 6 9 0
10 11 12 0
14 16 18 0
1 4 7 0
2 5 8 0
22 23 24 0
1 4 7 0
25 26 27 0
10 11 12 0
2 5 8 0
25 26 27 0
3 6 9 0
2 5 8 0
13 15 17 0
25 26 27 0
25 26 27 0
10 11 12 0
19 20 21 0
1 4 7 0
3 6 9 0
14 16 18 0
